148.014 187.338 139.139   1.
105.308 201.865 120.084   1.
77.101 198.89 120.904     1.
143.234 201.256 114.457   1.
124.184 207.05 101.84     1.
53.8333 194.064 104.961   1.
183.471 183.922 93.2137   1.
132.345 204.696 79.1915   1.
121.343 180.445 33.2966   1.
62.4199 196.991 81.2775   1.
153.323 200.376 76.655    1.
179.53 178.99 62.7422     1.
90.8203 196.155 60.024    1.
140.281 193.634 51.7671   1.
114.095 193.266 50.0166   1.
158.575 178.738 41.6632   1.
52.4551 174.529 52.5211   1.
87.8105 179.01 39.067     1.
