-1.000000 -0.999000 0.000000 
-0.950000 -0.999000 0.000000 
-0.900000 -0.999000 0.000000 
-0.850000 -0.999000 0.000000 
-0.800000 -0.999000 0.000000 
-0.750000 -0.999000 0.000000 
-0.700000 -0.999000 0.000000 
-0.650000 -0.999000 0.000000 
-0.600000 -0.999000 0.000000 
-0.550000 -0.999000 0.000000 
-0.500000 -0.999000 0.000000 
-0.450000 -0.999000 0.000000 
-0.400000 -0.999000 0.000000 
-0.350000 -0.999000 0.000000 
-0.300000 -0.999000 0.000000 
-0.250000 -0.999000 0.000000 
-0.200000 -0.999000 0.000000 
-0.150000 -0.999000 0.000000 
-0.100000 -0.999000 0.000000 
-0.050000 -0.999000 0.000000 
0.000000 -0.999000 0.000000 
0.050000 -0.999000 0.000000 
0.100000 -0.999000 0.000000 
0.150000 -0.999000 0.000000 
0.200000 -0.999000 0.000000 
0.250000 -0.999000 0.000000 
0.300000 -0.999000 0.000000 
0.350000 -0.999000 0.000000 
0.400000 -0.999000 0.000000 
0.450000 -0.999000 0.000000 
0.500000 -0.999000 0.000000 
0.550000 -0.999000 0.000000 
0.600000 -0.999000 0.000000 
0.650000 -0.999000 0.000000 
0.700000 -0.999000 0.000000 
0.750000 -0.999000 0.000000 
0.800000 -0.999000 0.000000 
0.850000 -0.999000 0.000000 
0.900000 -0.999000 0.000000 
0.950000 -0.999000 0.000000 
1.000000 -0.999000 0.000000 
-1.000000 -0.949000 0.000000 
-0.950000 -0.949000 0.000000 
-0.900000 -0.949000 0.000000 
-0.850000 -0.949000 0.000000 
-0.800000 -0.949000 0.000000 
-0.750000 -0.949000 0.000000 
-0.700000 -0.949000 0.000000 
-0.650000 -0.949000 0.000000 
-0.600000 -0.949000 0.000000 
-0.550000 -0.949000 0.000000 
-0.500000 -0.949000 0.000000 
-0.450000 -0.949000 0.000000 
-0.400000 -0.949000 0.000000 
-0.350000 -0.949000 0.000000 
-0.300000 -0.949000 0.000000 
-0.250000 -0.949000 0.000000 
-0.200000 -0.949000 0.000000 
-0.150000 -0.949000 0.000000 
-0.100000 -0.949000 0.000000 
-0.050000 -0.949000 0.000000 
0.000000 -0.949000 0.000000 
0.050000 -0.949000 0.000000 
0.100000 -0.949000 0.000000 
0.150000 -0.949000 0.000000 
0.200000 -0.949000 0.000000 
0.250000 -0.949000 0.000000 
0.300000 -0.949000 0.000000 
0.350000 -0.949000 0.000000 
0.400000 -0.949000 0.000000 
0.450000 -0.949000 0.000000 
0.500000 -0.949000 0.000000 
0.550000 -0.949000 0.000000 
0.600000 -0.949000 0.000000 
0.650000 -0.949000 0.000000 
0.700000 -0.949000 0.000000 
0.750000 -0.949000 0.000000 
0.800000 -0.949000 0.000000 
0.850000 -0.949000 0.000000 
0.900000 -0.949000 0.000000 
0.950000 -0.949000 0.000000 
1.000000 -0.949000 0.000000 
-1.000000 -0.899000 0.000000 
-0.950000 -0.899000 0.000000 
-0.900000 -0.899000 0.000000 
-0.850000 -0.899000 0.000000 
-0.800000 -0.899000 0.000000 
-0.750000 -0.899000 0.000000 
-0.700000 -0.899000 0.000000 
-0.650000 -0.899000 0.000000 
-0.600000 -0.899000 0.000000 
-0.550000 -0.899000 0.000000 
-0.500000 -0.899000 0.000000 
-0.450000 -0.899000 0.000000 
-0.400000 -0.899000 0.000000 
-0.350000 -0.899000 0.000000 
-0.300000 -0.899000 0.000000 
-0.250000 -0.899000 0.000000 
-0.200000 -0.899000 0.000000 
-0.150000 -0.899000 0.000000 
-0.100000 -0.899000 0.000000 
-0.050000 -0.899000 0.000000 
0.000000 -0.899000 0.000000 
0.050000 -0.899000 0.000000 
0.100000 -0.899000 0.000000 
0.150000 -0.899000 0.000000 
0.200000 -0.899000 0.000000 
0.250000 -0.899000 0.000000 
0.300000 -0.899000 0.000000 
0.350000 -0.899000 0.000000 
0.400000 -0.899000 0.000000 
0.450000 -0.899000 0.000000 
0.500000 -0.899000 0.000000 
0.550000 -0.899000 0.000000 
0.600000 -0.899000 0.000000 
0.650000 -0.899000 0.000000 
0.700000 -0.899000 0.000000 
0.750000 -0.899000 0.000000 
0.800000 -0.899000 0.000000 
0.850000 -0.899000 0.000000 
0.900000 -0.899000 0.000000 
0.950000 -0.899000 0.000000 
1.000000 -0.899000 0.000000 
-1.000000 -0.849000 0.000000 
-0.950000 -0.849000 0.000000 
-0.900000 -0.849000 0.000000 
-0.850000 -0.849000 0.000000 
-0.800000 -0.849000 0.000000 
-0.750000 -0.849000 0.000000 
-0.700000 -0.849000 0.000000 
-0.650000 -0.849000 0.000000 
-0.600000 -0.849000 0.000000 
-0.550000 -0.849000 0.000000 
-0.500000 -0.849000 0.000000 
-0.450000 -0.849000 0.000000 
-0.400000 -0.849000 0.000000 
-0.350000 -0.849000 0.000000 
-0.300000 -0.849000 0.000000 
-0.250000 -0.849000 0.000000 
-0.200000 -0.849000 0.000000 
-0.150000 -0.849000 0.000000 
-0.100000 -0.849000 0.000000 
-0.050000 -0.849000 0.000000 
0.000000 -0.849000 0.000000 
0.050000 -0.849000 0.000000 
0.100000 -0.849000 0.000000 
0.150000 -0.849000 0.000000 
0.200000 -0.849000 0.000000 
0.250000 -0.849000 0.000000 
0.300000 -0.849000 0.000000 
0.350000 -0.849000 0.000000 
0.400000 -0.849000 0.000000 
0.450000 -0.849000 0.000000 
0.500000 -0.849000 0.000000 
0.550000 -0.849000 0.000000 
0.600000 -0.849000 0.000000 
0.650000 -0.849000 0.000000 
0.700000 -0.849000 0.000000 
0.750000 -0.849000 0.000000 
0.800000 -0.849000 0.000000 
0.850000 -0.849000 0.000000 
0.900000 -0.849000 0.000000 
0.950000 -0.849000 0.000000 
1.000000 -0.849000 0.000000 
-1.000000 -0.799000 0.000000 
-0.950000 -0.799000 0.000000 
-0.900000 -0.799000 0.000000 
-0.850000 -0.799000 0.000000 
-0.800000 -0.799000 0.000000 
-0.750000 -0.799000 0.000000 
-0.700000 -0.799000 0.000000 
-0.650000 -0.799000 0.000000 
-0.600000 -0.799000 0.000000 
-0.550000 -0.799000 0.000000 
-0.500000 -0.799000 0.000000 
-0.450000 -0.799000 0.000000 
-0.400000 -0.799000 0.000000 
-0.350000 -0.799000 0.000000 
-0.300000 -0.799000 0.000000 
-0.250000 -0.799000 0.000000 
-0.200000 -0.799000 0.000000 
-0.150000 -0.799000 0.000000 
-0.100000 -0.799000 0.000000 
-0.050000 -0.799000 0.000000 
0.000000 -0.799000 0.000000 
0.050000 -0.799000 0.000000 
0.100000 -0.799000 0.000000 
0.150000 -0.799000 0.000000 
0.200000 -0.799000 0.000000 
0.250000 -0.799000 0.000000 
0.300000 -0.799000 0.000000 
0.350000 -0.799000 0.000000 
0.400000 -0.799000 0.000000 
0.450000 -0.799000 0.000000 
0.500000 -0.799000 0.000000 
0.550000 -0.799000 0.000000 
0.600000 -0.799000 0.000000 
0.650000 -0.799000 0.000000 
0.700000 -0.799000 0.000000 
0.750000 -0.799000 0.000000 
0.800000 -0.799000 0.000000 
0.850000 -0.799000 0.000000 
0.900000 -0.799000 0.000000 
0.950000 -0.799000 0.000000 
1.000000 -0.799000 0.000000 
-1.000000 -0.749000 0.000000 
-0.950000 -0.749000 0.000000 
-0.900000 -0.749000 0.000000 
-0.850000 -0.749000 0.000000 
-0.800000 -0.749000 0.000000 
-0.750000 -0.749000 0.000000 
-0.700000 -0.749000 0.000000 
-0.650000 -0.749000 0.000000 
-0.600000 -0.749000 0.000000 
-0.550000 -0.749000 0.000000 
-0.500000 -0.749000 0.000000 
-0.450000 -0.749000 0.000000 
-0.400000 -0.749000 0.000000 
-0.350000 -0.749000 0.000000 
-0.300000 -0.749000 0.000000 
-0.250000 -0.749000 0.000000 
-0.200000 -0.749000 0.000000 
-0.150000 -0.749000 0.000000 
-0.100000 -0.749000 0.000000 
-0.050000 -0.749000 0.000000 
0.000000 -0.749000 0.000000 
0.050000 -0.749000 0.000000 
0.100000 -0.749000 0.000000 
0.150000 -0.749000 0.000000 
0.200000 -0.749000 0.000000 
0.250000 -0.749000 0.000000 
0.300000 -0.749000 0.000000 
0.350000 -0.749000 0.000000 
0.400000 -0.749000 0.000000 
0.450000 -0.749000 0.000000 
0.500000 -0.749000 0.000000 
0.550000 -0.749000 0.000000 
0.600000 -0.749000 0.000000 
0.650000 -0.749000 0.000000 
0.700000 -0.749000 0.000000 
0.750000 -0.749000 0.000000 
0.800000 -0.749000 0.000000 
0.850000 -0.749000 0.000000 
0.900000 -0.749000 0.000000 
0.950000 -0.749000 0.000000 
1.000000 -0.749000 0.000000 
-1.000000 -0.699000 0.000000 
-0.950000 -0.699000 0.000000 
-0.900000 -0.699000 0.000000 
-0.850000 -0.699000 0.000000 
-0.800000 -0.699000 0.000000 
-0.750000 -0.699000 0.000000 
-0.700000 -0.699000 0.000000 
-0.650000 -0.699000 0.000000 
-0.600000 -0.699000 0.000000 
-0.550000 -0.699000 0.000000 
-0.500000 -0.699000 0.000000 
-0.450000 -0.699000 0.000000 
-0.400000 -0.699000 0.000000 
-0.350000 -0.699000 0.000000 
-0.300000 -0.699000 0.000000 
-0.250000 -0.699000 0.000000 
-0.200000 -0.699000 0.000000 
-0.150000 -0.699000 0.000000 
-0.100000 -0.699000 0.000000 
-0.050000 -0.699000 0.000000 
0.000000 -0.699000 0.000000 
0.050000 -0.699000 0.000000 
0.100000 -0.699000 0.000000 
0.150000 -0.699000 0.000000 
0.200000 -0.699000 0.000000 
0.250000 -0.699000 0.000000 
0.300000 -0.699000 0.000000 
0.350000 -0.699000 0.000000 
0.400000 -0.699000 0.000000 
0.450000 -0.699000 0.000000 
0.500000 -0.699000 0.000000 
0.550000 -0.699000 0.000000 
0.600000 -0.699000 0.000000 
0.650000 -0.699000 0.000000 
0.700000 -0.699000 0.000000 
0.750000 -0.699000 0.000000 
0.800000 -0.699000 0.000000 
0.850000 -0.699000 0.000000 
0.900000 -0.699000 0.000000 
0.950000 -0.699000 0.000000 
1.000000 -0.699000 0.000000 
-1.000000 -0.649000 0.000000 
-0.950000 -0.649000 0.000000 
-0.900000 -0.649000 0.000000 
-0.850000 -0.649000 0.000000 
-0.800000 -0.649000 0.000000 
-0.750000 -0.649000 0.000000 
-0.700000 -0.649000 0.000000 
-0.650000 -0.649000 0.000000 
-0.600000 -0.649000 0.000000 
-0.550000 -0.649000 0.000000 
-0.500000 -0.649000 0.000000 
-0.450000 -0.649000 0.000000 
-0.400000 -0.649000 0.000000 
-0.350000 -0.649000 0.000000 
-0.300000 -0.649000 0.000000 
-0.250000 -0.649000 0.000000 
-0.200000 -0.649000 0.000000 
-0.150000 -0.649000 0.000000 
-0.100000 -0.649000 0.000000 
-0.050000 -0.649000 0.000000 
0.000000 -0.649000 0.000000 
0.050000 -0.649000 0.000000 
0.100000 -0.649000 0.000000 
0.150000 -0.649000 0.000000 
0.200000 -0.649000 0.000000 
0.250000 -0.649000 0.000000 
0.300000 -0.649000 0.000000 
0.350000 -0.649000 0.000000 
0.400000 -0.649000 0.000000 
0.450000 -0.649000 0.000000 
0.500000 -0.649000 0.000000 
0.550000 -0.649000 0.000000 
0.600000 -0.649000 0.000000 
0.650000 -0.649000 0.000000 
0.700000 -0.649000 0.000000 
0.750000 -0.649000 0.000000 
0.800000 -0.649000 0.000000 
0.850000 -0.649000 0.000000 
0.900000 -0.649000 0.000000 
0.950000 -0.649000 0.000000 
1.000000 -0.649000 0.000000 
-1.000000 -0.599000 0.000000 
-0.950000 -0.599000 0.000000 
-0.900000 -0.599000 0.000000 
-0.850000 -0.599000 0.000000 
-0.800000 -0.599000 0.000000 
-0.750000 -0.599000 0.000000 
-0.700000 -0.599000 0.000000 
-0.650000 -0.599000 0.000000 
-0.600000 -0.599000 0.000000 
-0.550000 -0.599000 0.000000 
-0.500000 -0.599000 0.000000 
-0.450000 -0.599000 0.000000 
-0.400000 -0.599000 0.000000 
-0.350000 -0.599000 0.000000 
-0.300000 -0.599000 0.000000 
-0.250000 -0.599000 0.000000 
-0.200000 -0.599000 0.000000 
-0.150000 -0.599000 0.000000 
-0.100000 -0.599000 0.000000 
-0.050000 -0.599000 0.000000 
0.000000 -0.599000 0.000000 
0.050000 -0.599000 0.000000 
0.100000 -0.599000 0.000000 
0.150000 -0.599000 0.000000 
0.200000 -0.599000 0.000000 
0.250000 -0.599000 0.000000 
0.300000 -0.599000 0.000000 
0.350000 -0.599000 0.000000 
0.400000 -0.599000 0.000000 
0.450000 -0.599000 0.000000 
0.500000 -0.599000 0.000000 
0.550000 -0.599000 0.000000 
0.600000 -0.599000 0.000000 
0.650000 -0.599000 0.000000 
0.700000 -0.599000 0.000000 
0.750000 -0.599000 0.000000 
0.800000 -0.599000 0.000000 
0.850000 -0.599000 0.000000 
0.900000 -0.599000 0.000000 
0.950000 -0.599000 0.000000 
1.000000 -0.599000 0.000000 
-1.000000 -0.549000 0.000000 
-0.950000 -0.549000 0.000000 
-0.900000 -0.549000 0.000000 
-0.850000 -0.549000 0.000000 
-0.800000 -0.549000 0.000000 
-0.750000 -0.549000 0.000000 
-0.700000 -0.549000 0.000000 
-0.650000 -0.549000 0.000000 
-0.600000 -0.549000 0.000000 
-0.550000 -0.549000 0.000000 
-0.500000 -0.549000 0.000000 
-0.450000 -0.549000 0.000000 
-0.400000 -0.549000 0.000000 
-0.350000 -0.549000 0.000000 
-0.300000 -0.549000 0.000000 
-0.250000 -0.549000 0.000000 
-0.200000 -0.549000 0.000000 
-0.150000 -0.549000 0.000000 
-0.100000 -0.549000 0.000000 
-0.050000 -0.549000 0.000000 
0.000000 -0.549000 0.000000 
0.050000 -0.549000 0.000000 
0.100000 -0.549000 0.000000 
0.150000 -0.549000 0.000000 
0.200000 -0.549000 0.000000 
0.250000 -0.549000 0.000000 
0.300000 -0.549000 0.000000 
0.350000 -0.549000 0.000000 
0.400000 -0.549000 0.000000 
0.450000 -0.549000 0.000000 
0.500000 -0.549000 0.000000 
0.550000 -0.549000 0.000000 
0.600000 -0.549000 0.000000 
0.650000 -0.549000 0.000000 
0.700000 -0.549000 0.000000 
0.750000 -0.549000 0.000000 
0.800000 -0.549000 0.000000 
0.850000 -0.549000 0.000000 
0.900000 -0.549000 0.000000 
0.950000 -0.549000 0.000000 
1.000000 -0.549000 0.000000 
-1.000000 -0.499000 0.000000 
-0.950000 -0.499000 0.000000 
-0.900000 -0.499000 0.000000 
-0.850000 -0.499000 0.000000 
-0.800000 -0.499000 0.000000 
-0.750000 -0.499000 0.000000 
-0.700000 -0.499000 0.000000 
-0.650000 -0.499000 0.000000 
-0.600000 -0.499000 0.000000 
-0.550000 -0.499000 0.000000 
-0.500000 -0.499000 0.000000 
-0.450000 -0.499000 0.000000 
-0.400000 -0.499000 0.000000 
-0.350000 -0.499000 0.000000 
-0.300000 -0.499000 0.000000 
-0.250000 -0.499000 0.000000 
-0.200000 -0.499000 0.000000 
-0.150000 -0.499000 0.000000 
-0.100000 -0.499000 0.000000 
-0.050000 -0.499000 0.000000 
0.000000 -0.499000 0.000000 
0.050000 -0.499000 0.000000 
0.100000 -0.499000 0.000000 
0.150000 -0.499000 0.000000 
0.200000 -0.499000 0.000000 
0.250000 -0.499000 0.000000 
0.300000 -0.499000 0.000000 
0.350000 -0.499000 0.000000 
0.400000 -0.499000 0.000000 
0.450000 -0.499000 0.000000 
0.500000 -0.499000 0.000000 
0.550000 -0.499000 0.000000 
0.600000 -0.499000 0.000000 
0.650000 -0.499000 0.000000 
0.700000 -0.499000 0.000000 
0.750000 -0.499000 0.000000 
0.800000 -0.499000 0.000000 
0.850000 -0.499000 0.000000 
0.900000 -0.499000 0.000000 
0.950000 -0.499000 0.000000 
1.000000 -0.499000 0.000000 
-1.000000 -0.449000 0.000000 
-0.950000 -0.449000 0.000000 
-0.900000 -0.449000 0.000000 
-0.850000 -0.449000 0.000000 
-0.800000 -0.449000 0.000000 
-0.750000 -0.449000 0.000000 
-0.700000 -0.449000 0.000000 
-0.650000 -0.449000 0.000000 
-0.600000 -0.449000 0.000000 
-0.550000 -0.449000 0.000000 
-0.500000 -0.449000 0.000000 
-0.450000 -0.449000 0.000000 
-0.400000 -0.449000 0.000000 
-0.350000 -0.449000 0.000000 
-0.300000 -0.449000 0.000000 
-0.250000 -0.449000 0.000000 
-0.200000 -0.449000 0.000000 
-0.150000 -0.449000 0.000000 
-0.100000 -0.449000 0.000000 
-0.050000 -0.449000 0.000000 
0.000000 -0.449000 0.000000 
0.050000 -0.449000 0.000000 
0.100000 -0.449000 0.000000 
0.150000 -0.449000 0.000000 
0.200000 -0.449000 0.000000 
0.250000 -0.449000 0.000000 
0.300000 -0.449000 0.000000 
0.350000 -0.449000 0.000000 
0.400000 -0.449000 0.000000 
0.450000 -0.449000 0.000000 
0.500000 -0.449000 0.000000 
0.550000 -0.449000 0.000000 
0.600000 -0.449000 0.000000 
0.650000 -0.449000 0.000000 
0.700000 -0.449000 0.000000 
0.750000 -0.449000 0.000000 
0.800000 -0.449000 0.000000 
0.850000 -0.449000 0.000000 
0.900000 -0.449000 0.000000 
0.950000 -0.449000 0.000000 
1.000000 -0.449000 0.000000 
-1.000000 -0.399000 0.000000 
-0.950000 -0.399000 0.000000 
-0.900000 -0.399000 0.000000 
-0.850000 -0.399000 0.000000 
-0.800000 -0.399000 0.000000 
-0.750000 -0.399000 0.000000 
-0.700000 -0.399000 0.000000 
-0.650000 -0.399000 0.000000 
-0.600000 -0.399000 0.000000 
-0.550000 -0.399000 0.000000 
-0.500000 -0.399000 0.000000 
-0.450000 -0.399000 0.000000 
-0.400000 -0.399000 0.000000 
-0.350000 -0.399000 0.000000 
-0.300000 -0.399000 0.000000 
-0.250000 -0.399000 0.000000 
-0.200000 -0.399000 0.000000 
-0.150000 -0.399000 0.000000 
-0.100000 -0.399000 0.000000 
-0.050000 -0.399000 0.000000 
0.000000 -0.399000 0.000000 
0.050000 -0.399000 0.000000 
0.100000 -0.399000 0.000000 
0.150000 -0.399000 0.000000 
0.200000 -0.399000 0.000000 
0.250000 -0.399000 0.000000 
0.300000 -0.399000 0.000000 
0.350000 -0.399000 0.000000 
0.400000 -0.399000 0.000000 
0.450000 -0.399000 0.000000 
0.500000 -0.399000 0.000000 
0.550000 -0.399000 0.000000 
0.600000 -0.399000 0.000000 
0.650000 -0.399000 0.000000 
0.700000 -0.399000 0.000000 
0.750000 -0.399000 0.000000 
0.800000 -0.399000 0.000000 
0.850000 -0.399000 0.000000 
0.900000 -0.399000 0.000000 
0.950000 -0.399000 0.000000 
1.000000 -0.399000 0.000000 
-1.000000 -0.349000 0.000000 
-0.950000 -0.349000 0.000000 
-0.900000 -0.349000 0.000000 
-0.850000 -0.349000 0.000000 
-0.800000 -0.349000 0.000000 
-0.750000 -0.349000 0.000000 
-0.700000 -0.349000 0.000000 
-0.650000 -0.349000 0.000000 
-0.600000 -0.349000 0.000000 
-0.550000 -0.349000 0.000000 
-0.500000 -0.349000 0.000000 
-0.450000 -0.349000 0.000000 
-0.400000 -0.349000 0.000000 
-0.350000 -0.349000 0.000000 
-0.300000 -0.349000 0.000000 
-0.250000 -0.349000 0.000000 
-0.200000 -0.349000 0.000000 
-0.150000 -0.349000 0.000000 
-0.100000 -0.349000 0.000000 
-0.050000 -0.349000 0.000000 
0.000000 -0.349000 0.000000 
0.050000 -0.349000 0.000000 
0.100000 -0.349000 0.000000 
0.150000 -0.349000 0.000000 
0.200000 -0.349000 0.000000 
0.250000 -0.349000 0.000000 
0.300000 -0.349000 0.000000 
0.350000 -0.349000 0.000000 
0.400000 -0.349000 0.000000 
0.450000 -0.349000 0.000000 
0.500000 -0.349000 0.000000 
0.550000 -0.349000 0.000000 
0.600000 -0.349000 0.000000 
0.650000 -0.349000 0.000000 
0.700000 -0.349000 0.000000 
0.750000 -0.349000 0.000000 
0.800000 -0.349000 0.000000 
0.850000 -0.349000 0.000000 
0.900000 -0.349000 0.000000 
0.950000 -0.349000 0.000000 
1.000000 -0.349000 0.000000 
-1.000000 -0.299000 0.000000 
-0.950000 -0.299000 0.000000 
-0.900000 -0.299000 0.000000 
-0.850000 -0.299000 0.000000 
-0.800000 -0.299000 0.000000 
-0.750000 -0.299000 0.000000 
-0.700000 -0.299000 0.000000 
-0.650000 -0.299000 0.000000 
-0.600000 -0.299000 0.000000 
-0.550000 -0.299000 0.000000 
-0.500000 -0.299000 0.000000 
-0.450000 -0.299000 0.000000 
-0.400000 -0.299000 0.000000 
-0.350000 -0.299000 0.000000 
-0.300000 -0.299000 0.000000 
-0.250000 -0.299000 0.000000 
-0.200000 -0.299000 0.000000 
-0.150000 -0.299000 0.000000 
-0.100000 -0.299000 0.000000 
-0.050000 -0.299000 0.000000 
0.000000 -0.299000 0.000000 
0.050000 -0.299000 0.000000 
0.100000 -0.299000 0.000000 
0.150000 -0.299000 0.000000 
0.200000 -0.299000 0.000000 
0.250000 -0.299000 0.000000 
0.300000 -0.299000 0.000000 
0.350000 -0.299000 0.000000 
0.400000 -0.299000 0.000000 
0.450000 -0.299000 0.000000 
0.500000 -0.299000 0.000000 
0.550000 -0.299000 0.000000 
0.600000 -0.299000 0.000000 
0.650000 -0.299000 0.000000 
0.700000 -0.299000 0.000000 
0.750000 -0.299000 0.000000 
0.800000 -0.299000 0.000000 
0.850000 -0.299000 0.000000 
0.900000 -0.299000 0.000000 
0.950000 -0.299000 0.000000 
1.000000 -0.299000 0.000000 
-1.000000 -0.249000 0.000000 
-0.950000 -0.249000 0.000000 
-0.900000 -0.249000 0.000000 
-0.850000 -0.249000 0.000000 
-0.800000 -0.249000 0.000000 
-0.750000 -0.249000 0.000000 
-0.700000 -0.249000 0.000000 
-0.650000 -0.249000 0.000000 
-0.600000 -0.249000 0.000000 
-0.550000 -0.249000 0.000000 
-0.500000 -0.249000 0.000000 
-0.450000 -0.249000 0.000000 
-0.400000 -0.249000 0.000000 
-0.350000 -0.249000 0.000000 
-0.300000 -0.249000 0.000000 
-0.250000 -0.249000 0.000000 
-0.200000 -0.249000 0.000000 
-0.150000 -0.249000 0.000000 
-0.100000 -0.249000 0.000000 
-0.050000 -0.249000 0.000000 
0.000000 -0.249000 0.000000 
0.050000 -0.249000 0.000000 
0.100000 -0.249000 0.000000 
0.150000 -0.249000 0.000000 
0.200000 -0.249000 0.000000 
0.250000 -0.249000 0.000000 
0.300000 -0.249000 0.000000 
0.350000 -0.249000 0.000000 
0.400000 -0.249000 0.000000 
0.450000 -0.249000 0.000000 
0.500000 -0.249000 0.000000 
0.550000 -0.249000 0.000000 
0.600000 -0.249000 0.000000 
0.650000 -0.249000 0.000000 
0.700000 -0.249000 0.000000 
0.750000 -0.249000 0.000000 
0.800000 -0.249000 0.000000 
0.850000 -0.249000 0.000000 
0.900000 -0.249000 0.000000 
0.950000 -0.249000 0.000000 
1.000000 -0.249000 0.000000 
-1.000000 -0.199000 0.000000 
-0.950000 -0.199000 0.000000 
-0.900000 -0.199000 0.000000 
-0.850000 -0.199000 0.000000 
-0.800000 -0.199000 0.000000 
-0.750000 -0.199000 0.000000 
-0.700000 -0.199000 0.000000 
-0.650000 -0.199000 0.000000 
-0.600000 -0.199000 0.000000 
-0.550000 -0.199000 0.000000 
-0.500000 -0.199000 0.000000 
-0.450000 -0.199000 0.000000 
-0.400000 -0.199000 0.000000 
-0.350000 -0.199000 0.000000 
-0.300000 -0.199000 0.000000 
-0.250000 -0.199000 0.000000 
-0.200000 -0.199000 0.000000 
-0.150000 -0.199000 0.000000 
-0.100000 -0.199000 0.000000 
-0.050000 -0.199000 0.000000 
0.000000 -0.199000 0.000000 
0.050000 -0.199000 0.000000 
0.100000 -0.199000 0.000000 
0.150000 -0.199000 0.000000 
0.200000 -0.199000 0.000000 
0.250000 -0.199000 0.000000 
0.300000 -0.199000 0.000000 
0.350000 -0.199000 0.000000 
0.400000 -0.199000 0.000000 
0.450000 -0.199000 0.000000 
0.500000 -0.199000 0.000000 
0.550000 -0.199000 0.000000 
0.600000 -0.199000 0.000000 
0.650000 -0.199000 0.000000 
0.700000 -0.199000 0.000000 
0.750000 -0.199000 0.000000 
0.800000 -0.199000 0.000000 
0.850000 -0.199000 0.000000 
0.900000 -0.199000 0.000000 
0.950000 -0.199000 0.000000 
1.000000 -0.199000 0.000000 
-1.000000 -0.149000 0.000000 
-0.950000 -0.149000 0.000000 
-0.900000 -0.149000 0.000000 
-0.850000 -0.149000 0.000000 
-0.800000 -0.149000 0.000000 
-0.750000 -0.149000 0.000000 
-0.700000 -0.149000 0.000000 
-0.650000 -0.149000 0.000000 
-0.600000 -0.149000 0.000000 
-0.550000 -0.149000 0.000000 
-0.500000 -0.149000 0.000000 
-0.450000 -0.149000 0.000000 
-0.400000 -0.149000 0.000000 
-0.350000 -0.149000 0.000000 
-0.300000 -0.149000 0.000000 
-0.250000 -0.149000 0.000000 
-0.200000 -0.149000 0.000000 
-0.150000 -0.149000 0.000000 
-0.100000 -0.149000 0.000000 
-0.050000 -0.149000 0.000000 
0.000000 -0.149000 0.000000 
0.050000 -0.149000 0.000000 
0.100000 -0.149000 0.000000 
0.150000 -0.149000 0.000000 
0.200000 -0.149000 0.000000 
0.250000 -0.149000 0.000000 
0.300000 -0.149000 0.000000 
0.350000 -0.149000 0.000000 
0.400000 -0.149000 0.000000 
0.450000 -0.149000 0.000000 
0.500000 -0.149000 0.000000 
0.550000 -0.149000 0.000000 
0.600000 -0.149000 0.000000 
0.650000 -0.149000 0.000000 
0.700000 -0.149000 0.000000 
0.750000 -0.149000 0.000000 
0.800000 -0.149000 0.000000 
0.850000 -0.149000 0.000000 
0.900000 -0.149000 0.000000 
0.950000 -0.149000 0.000000 
1.000000 -0.149000 0.000000 
-1.000000 -0.099000 0.000000 
-0.950000 -0.099000 0.000000 
-0.900000 -0.099000 0.000000 
-0.850000 -0.099000 0.000000 
-0.800000 -0.099000 0.000000 
-0.750000 -0.099000 0.000000 
-0.700000 -0.099000 0.000000 
-0.650000 -0.099000 0.000000 
-0.600000 -0.099000 0.000000 
-0.550000 -0.099000 0.000000 
-0.500000 -0.099000 0.000000 
-0.450000 -0.099000 0.000000 
-0.400000 -0.099000 0.000000 
-0.350000 -0.099000 0.000000 
-0.300000 -0.099000 0.000000 
-0.250000 -0.099000 0.000000 
-0.200000 -0.099000 0.000000 
-0.150000 -0.099000 0.000000 
-0.100000 -0.099000 0.000000 
-0.050000 -0.099000 0.000000 
0.000000 -0.099000 0.000000 
0.050000 -0.099000 0.000000 
0.100000 -0.099000 0.000000 
0.150000 -0.099000 0.000000 
0.200000 -0.099000 0.000000 
0.250000 -0.099000 0.000000 
0.300000 -0.099000 0.000000 
0.350000 -0.099000 0.000000 
0.400000 -0.099000 0.000000 
0.450000 -0.099000 0.000000 
0.500000 -0.099000 0.000000 
0.550000 -0.099000 0.000000 
0.600000 -0.099000 0.000000 
0.650000 -0.099000 0.000000 
0.700000 -0.099000 0.000000 
0.750000 -0.099000 0.000000 
0.800000 -0.099000 0.000000 
0.850000 -0.099000 0.000000 
0.900000 -0.099000 0.000000 
0.950000 -0.099000 0.000000 
1.000000 -0.099000 0.000000 
-1.000000 -0.049000 0.000000 
-0.950000 -0.049000 0.000000 
-0.900000 -0.049000 0.000000 
-0.850000 -0.049000 0.000000 
-0.800000 -0.049000 0.000000 
-0.750000 -0.049000 0.000000 
-0.700000 -0.049000 0.000000 
-0.650000 -0.049000 0.000000 
-0.600000 -0.049000 0.000000 
-0.550000 -0.049000 0.000000 
-0.500000 -0.049000 0.000000 
-0.450000 -0.049000 0.000000 
-0.400000 -0.049000 0.000000 
-0.350000 -0.049000 0.000000 
-0.300000 -0.049000 0.000000 
-0.250000 -0.049000 0.000000 
-0.200000 -0.049000 0.000000 
-0.150000 -0.049000 0.000000 
-0.100000 -0.049000 0.000000 
-0.050000 -0.049000 0.000000 
0.000000 -0.049000 0.000000 
0.050000 -0.049000 0.000000 
0.100000 -0.049000 0.000000 
0.150000 -0.049000 0.000000 
0.200000 -0.049000 0.000000 
0.250000 -0.049000 0.000000 
0.300000 -0.049000 0.000000 
0.350000 -0.049000 0.000000 
0.400000 -0.049000 0.000000 
0.450000 -0.049000 0.000000 
0.500000 -0.049000 0.000000 
0.550000 -0.049000 0.000000 
0.600000 -0.049000 0.000000 
0.650000 -0.049000 0.000000 
0.700000 -0.049000 0.000000 
0.750000 -0.049000 0.000000 
0.800000 -0.049000 0.000000 
0.850000 -0.049000 0.000000 
0.900000 -0.049000 0.000000 
0.950000 -0.049000 0.000000 
1.000000 -0.049000 0.000000 
-1.000000 0.001000 0.000000 
-0.950000 0.001000 0.000000 
-0.900000 0.001000 0.000000 
-0.850000 0.001000 0.000000 
-0.800000 0.001000 0.000000 
-0.750000 0.001000 0.000000 
-0.700000 0.001000 0.000000 
-0.650000 0.001000 0.000000 
-0.600000 0.001000 0.000000 
-0.550000 0.001000 0.000000 
-0.500000 0.001000 0.000000 
-0.450000 0.001000 0.000000 
-0.400000 0.001000 0.000000 
-0.350000 0.001000 0.000000 
-0.300000 0.001000 0.000000 
-0.250000 0.001000 0.000000 
-0.200000 0.001000 0.000000 
-0.150000 0.001000 0.000000 
-0.100000 0.001000 0.000000 
-0.050000 0.001000 0.000000 
0.000000 0.001000 0.000000 
0.050000 0.001000 0.000000 
0.100000 0.001000 0.000000 
0.150000 0.001000 0.000000 
0.200000 0.001000 0.000000 
0.250000 0.001000 0.000000 
0.300000 0.001000 0.000000 
0.350000 0.001000 0.000000 
0.400000 0.001000 0.000000 
0.450000 0.001000 0.000000 
0.500000 0.001000 0.000000 
0.550000 0.001000 0.000000 
0.600000 0.001000 0.000000 
0.650000 0.001000 0.000000 
0.700000 0.001000 0.000000 
0.750000 0.001000 0.000000 
0.800000 0.001000 0.000000 
0.850000 0.001000 0.000000 
0.900000 0.001000 0.000000 
0.950000 0.001000 0.000000 
1.000000 0.001000 0.000000 
-1.000000 0.051000 0.000000 
-0.950000 0.051000 0.000000 
-0.900000 0.051000 0.000000 
-0.850000 0.051000 0.000000 
-0.800000 0.051000 0.000000 
-0.750000 0.051000 0.000000 
-0.700000 0.051000 0.000000 
-0.650000 0.051000 0.000000 
-0.600000 0.051000 0.000000 
-0.550000 0.051000 0.000000 
-0.500000 0.051000 0.000000 
-0.450000 0.051000 0.000000 
-0.400000 0.051000 0.000000 
-0.350000 0.051000 0.000000 
-0.300000 0.051000 0.000000 
-0.250000 0.051000 0.000000 
-0.200000 0.051000 0.000000 
-0.150000 0.051000 0.000000 
-0.100000 0.051000 0.000000 
-0.050000 0.051000 0.000000 
0.000000 0.051000 0.000000 
0.050000 0.051000 0.000000 
0.100000 0.051000 0.000000 
0.150000 0.051000 0.000000 
0.200000 0.051000 0.000000 
0.250000 0.051000 0.000000 
0.300000 0.051000 0.000000 
0.350000 0.051000 0.000000 
0.400000 0.051000 0.000000 
0.450000 0.051000 0.000000 
0.500000 0.051000 0.000000 
0.550000 0.051000 0.000000 
0.600000 0.051000 0.000000 
0.650000 0.051000 0.000000 
0.700000 0.051000 0.000000 
0.750000 0.051000 0.000000 
0.800000 0.051000 0.000000 
0.850000 0.051000 0.000000 
0.900000 0.051000 0.000000 
0.950000 0.051000 0.000000 
1.000000 0.051000 0.000000 
-1.000000 0.101000 0.000000 
-0.950000 0.101000 0.000000 
-0.900000 0.101000 0.000000 
-0.850000 0.101000 0.000000 
-0.800000 0.101000 0.000000 
-0.750000 0.101000 0.000000 
-0.700000 0.101000 0.000000 
-0.650000 0.101000 0.000000 
-0.600000 0.101000 0.000000 
-0.550000 0.101000 0.000000 
-0.500000 0.101000 0.000000 
-0.450000 0.101000 0.000000 
-0.400000 0.101000 0.000000 
-0.350000 0.101000 0.000000 
-0.300000 0.101000 0.000000 
-0.250000 0.101000 0.000000 
-0.200000 0.101000 0.000000 
-0.150000 0.101000 0.000000 
-0.100000 0.101000 0.000000 
-0.050000 0.101000 0.000000 
0.000000 0.101000 0.000000 
0.050000 0.101000 0.000000 
0.100000 0.101000 0.000000 
0.150000 0.101000 0.000000 
0.200000 0.101000 0.000000 
0.250000 0.101000 0.000000 
0.300000 0.101000 0.000000 
0.350000 0.101000 0.000000 
0.400000 0.101000 0.000000 
0.450000 0.101000 0.000000 
0.500000 0.101000 0.000000 
0.550000 0.101000 0.000000 
0.600000 0.101000 0.000000 
0.650000 0.101000 0.000000 
0.700000 0.101000 0.000000 
0.750000 0.101000 0.000000 
0.800000 0.101000 0.000000 
0.850000 0.101000 0.000000 
0.900000 0.101000 0.000000 
0.950000 0.101000 0.000000 
1.000000 0.101000 0.000000 
-1.000000 0.151000 0.000000 
-0.950000 0.151000 0.000000 
-0.900000 0.151000 0.000000 
-0.850000 0.151000 0.000000 
-0.800000 0.151000 0.000000 
-0.750000 0.151000 0.000000 
-0.700000 0.151000 0.000000 
-0.650000 0.151000 0.000000 
-0.600000 0.151000 0.000000 
-0.550000 0.151000 0.000000 
-0.500000 0.151000 0.000000 
-0.450000 0.151000 0.000000 
-0.400000 0.151000 0.000000 
-0.350000 0.151000 0.000000 
-0.300000 0.151000 0.000000 
-0.250000 0.151000 0.000000 
-0.200000 0.151000 0.000000 
-0.150000 0.151000 0.000000 
-0.100000 0.151000 0.000000 
-0.050000 0.151000 0.000000 
0.000000 0.151000 0.000000 
0.050000 0.151000 0.000000 
0.100000 0.151000 0.000000 
0.150000 0.151000 0.000000 
0.200000 0.151000 0.000000 
0.250000 0.151000 0.000000 
0.300000 0.151000 0.000000 
0.350000 0.151000 0.000000 
0.400000 0.151000 0.000000 
0.450000 0.151000 0.000000 
0.500000 0.151000 0.000000 
0.550000 0.151000 0.000000 
0.600000 0.151000 0.000000 
0.650000 0.151000 0.000000 
0.700000 0.151000 0.000000 
0.750000 0.151000 0.000000 
0.800000 0.151000 0.000000 
0.850000 0.151000 0.000000 
0.900000 0.151000 0.000000 
0.950000 0.151000 0.000000 
1.000000 0.151000 0.000000 
-1.000000 0.201000 0.000000 
-0.950000 0.201000 0.000000 
-0.900000 0.201000 0.000000 
-0.850000 0.201000 0.000000 
-0.800000 0.201000 0.000000 
-0.750000 0.201000 0.000000 
-0.700000 0.201000 0.000000 
-0.650000 0.201000 0.000000 
-0.600000 0.201000 0.000000 
-0.550000 0.201000 0.000000 
-0.500000 0.201000 0.000000 
-0.450000 0.201000 0.000000 
-0.400000 0.201000 0.000000 
-0.350000 0.201000 0.000000 
-0.300000 0.201000 0.000000 
-0.250000 0.201000 0.000000 
-0.200000 0.201000 0.000000 
-0.150000 0.201000 0.000000 
-0.100000 0.201000 0.000000 
-0.050000 0.201000 0.000000 
0.000000 0.201000 0.000000 
0.050000 0.201000 0.000000 
0.100000 0.201000 0.000000 
0.150000 0.201000 0.000000 
0.200000 0.201000 0.000000 
0.250000 0.201000 0.000000 
0.300000 0.201000 0.000000 
0.350000 0.201000 0.000000 
0.400000 0.201000 0.000000 
0.450000 0.201000 0.000000 
0.500000 0.201000 0.000000 
0.550000 0.201000 0.000000 
0.600000 0.201000 0.000000 
0.650000 0.201000 0.000000 
0.700000 0.201000 0.000000 
0.750000 0.201000 0.000000 
0.800000 0.201000 0.000000 
0.850000 0.201000 0.000000 
0.900000 0.201000 0.000000 
0.950000 0.201000 0.000000 
1.000000 0.201000 0.000000 
-1.000000 0.251000 0.000000 
-0.950000 0.251000 0.000000 
-0.900000 0.251000 0.000000 
-0.850000 0.251000 0.000000 
-0.800000 0.251000 0.000000 
-0.750000 0.251000 0.000000 
-0.700000 0.251000 0.000000 
-0.650000 0.251000 0.000000 
-0.600000 0.251000 0.000000 
-0.550000 0.251000 0.000000 
-0.500000 0.251000 0.000000 
-0.450000 0.251000 0.000000 
-0.400000 0.251000 0.000000 
-0.350000 0.251000 0.000000 
-0.300000 0.251000 0.000000 
-0.250000 0.251000 0.000000 
-0.200000 0.251000 0.000000 
-0.150000 0.251000 0.000000 
-0.100000 0.251000 0.000000 
-0.050000 0.251000 0.000000 
0.000000 0.251000 0.000000 
0.050000 0.251000 0.000000 
0.100000 0.251000 0.000000 
0.150000 0.251000 0.000000 
0.200000 0.251000 0.000000 
0.250000 0.251000 0.000000 
0.300000 0.251000 0.000000 
0.350000 0.251000 0.000000 
0.400000 0.251000 0.000000 
0.450000 0.251000 0.000000 
0.500000 0.251000 0.000000 
0.550000 0.251000 0.000000 
0.600000 0.251000 0.000000 
0.650000 0.251000 0.000000 
0.700000 0.251000 0.000000 
0.750000 0.251000 0.000000 
0.800000 0.251000 0.000000 
0.850000 0.251000 0.000000 
0.900000 0.251000 0.000000 
0.950000 0.251000 0.000000 
1.000000 0.251000 0.000000 
-1.000000 0.301000 0.000000 
-0.950000 0.301000 0.000000 
-0.900000 0.301000 0.000000 
-0.850000 0.301000 0.000000 
-0.800000 0.301000 0.000000 
-0.750000 0.301000 0.000000 
-0.700000 0.301000 0.000000 
-0.650000 0.301000 0.000000 
-0.600000 0.301000 0.000000 
-0.550000 0.301000 0.000000 
-0.500000 0.301000 0.000000 
-0.450000 0.301000 0.000000 
-0.400000 0.301000 0.000000 
-0.350000 0.301000 0.000000 
-0.300000 0.301000 0.000000 
-0.250000 0.301000 0.000000 
-0.200000 0.301000 0.000000 
-0.150000 0.301000 0.000000 
-0.100000 0.301000 0.000000 
-0.050000 0.301000 0.000000 
0.000000 0.301000 0.000000 
0.050000 0.301000 0.000000 
0.100000 0.301000 0.000000 
0.150000 0.301000 0.000000 
0.200000 0.301000 0.000000 
0.250000 0.301000 0.000000 
0.300000 0.301000 0.000000 
0.350000 0.301000 0.000000 
0.400000 0.301000 0.000000 
0.450000 0.301000 0.000000 
0.500000 0.301000 0.000000 
0.550000 0.301000 0.000000 
0.600000 0.301000 0.000000 
0.650000 0.301000 0.000000 
0.700000 0.301000 0.000000 
0.750000 0.301000 0.000000 
0.800000 0.301000 0.000000 
0.850000 0.301000 0.000000 
0.900000 0.301000 0.000000 
0.950000 0.301000 0.000000 
1.000000 0.301000 0.000000 
-1.000000 0.351000 0.000000 
-0.950000 0.351000 0.000000 
-0.900000 0.351000 0.000000 
-0.850000 0.351000 0.000000 
-0.800000 0.351000 0.000000 
-0.750000 0.351000 0.000000 
-0.700000 0.351000 0.000000 
-0.650000 0.351000 0.000000 
-0.600000 0.351000 0.000000 
-0.550000 0.351000 0.000000 
-0.500000 0.351000 0.000000 
-0.450000 0.351000 0.000000 
-0.400000 0.351000 0.000000 
-0.350000 0.351000 0.000000 
-0.300000 0.351000 0.000000 
-0.250000 0.351000 0.000000 
-0.200000 0.351000 0.000000 
-0.150000 0.351000 0.000000 
-0.100000 0.351000 0.000000 
-0.050000 0.351000 0.000000 
0.000000 0.351000 0.000000 
0.050000 0.351000 0.000000 
0.100000 0.351000 0.000000 
0.150000 0.351000 0.000000 
0.200000 0.351000 0.000000 
0.250000 0.351000 0.000000 
0.300000 0.351000 0.000000 
0.350000 0.351000 0.000000 
0.400000 0.351000 0.000000 
0.450000 0.351000 0.000000 
0.500000 0.351000 0.000000 
0.550000 0.351000 0.000000 
0.600000 0.351000 0.000000 
0.650000 0.351000 0.000000 
0.700000 0.351000 0.000000 
0.750000 0.351000 0.000000 
0.800000 0.351000 0.000000 
0.850000 0.351000 0.000000 
0.900000 0.351000 0.000000 
0.950000 0.351000 0.000000 
1.000000 0.351000 0.000000 
-1.000000 0.401000 0.000000 
-0.950000 0.401000 0.000000 
-0.900000 0.401000 0.000000 
-0.850000 0.401000 0.000000 
-0.800000 0.401000 0.000000 
-0.750000 0.401000 0.000000 
-0.700000 0.401000 0.000000 
-0.650000 0.401000 0.000000 
-0.600000 0.401000 0.000000 
-0.550000 0.401000 0.000000 
-0.500000 0.401000 0.000000 
-0.450000 0.401000 0.000000 
-0.400000 0.401000 0.000000 
-0.350000 0.401000 0.000000 
-0.300000 0.401000 0.000000 
-0.250000 0.401000 0.000000 
-0.200000 0.401000 0.000000 
-0.150000 0.401000 0.000000 
-0.100000 0.401000 0.000000 
-0.050000 0.401000 0.000000 
0.000000 0.401000 0.000000 
0.050000 0.401000 0.000000 
0.100000 0.401000 0.000000 
0.150000 0.401000 0.000000 
0.200000 0.401000 0.000000 
0.250000 0.401000 0.000000 
0.300000 0.401000 0.000000 
0.350000 0.401000 0.000000 
0.400000 0.401000 0.000000 
0.450000 0.401000 0.000000 
0.500000 0.401000 0.000000 
0.550000 0.401000 0.000000 
0.600000 0.401000 0.000000 
0.650000 0.401000 0.000000 
0.700000 0.401000 0.000000 
0.750000 0.401000 0.000000 
0.800000 0.401000 0.000000 
0.850000 0.401000 0.000000 
0.900000 0.401000 0.000000 
0.950000 0.401000 0.000000 
1.000000 0.401000 0.000000 
-1.000000 0.451000 0.000000 
-0.950000 0.451000 0.000000 
-0.900000 0.451000 0.000000 
-0.850000 0.451000 0.000000 
-0.800000 0.451000 0.000000 
-0.750000 0.451000 0.000000 
-0.700000 0.451000 0.000000 
-0.650000 0.451000 0.000000 
-0.600000 0.451000 0.000000 
-0.550000 0.451000 0.000000 
-0.500000 0.451000 0.000000 
-0.450000 0.451000 0.000000 
-0.400000 0.451000 0.000000 
-0.350000 0.451000 0.000000 
-0.300000 0.451000 0.000000 
-0.250000 0.451000 0.000000 
-0.200000 0.451000 0.000000 
-0.150000 0.451000 0.000000 
-0.100000 0.451000 0.000000 
-0.050000 0.451000 0.000000 
0.000000 0.451000 0.000000 
0.050000 0.451000 0.000000 
0.100000 0.451000 0.000000 
0.150000 0.451000 0.000000 
0.200000 0.451000 0.000000 
0.250000 0.451000 0.000000 
0.300000 0.451000 0.000000 
0.350000 0.451000 0.000000 
0.400000 0.451000 0.000000 
0.450000 0.451000 0.000000 
0.500000 0.451000 0.000000 
0.550000 0.451000 0.000000 
0.600000 0.451000 0.000000 
0.650000 0.451000 0.000000 
0.700000 0.451000 0.000000 
0.750000 0.451000 0.000000 
0.800000 0.451000 0.000000 
0.850000 0.451000 0.000000 
0.900000 0.451000 0.000000 
0.950000 0.451000 0.000000 
1.000000 0.451000 0.000000 
-1.000000 0.501000 0.000000 
-0.950000 0.501000 0.000000 
-0.900000 0.501000 0.000000 
-0.850000 0.501000 0.000000 
-0.800000 0.501000 0.000000 
-0.750000 0.501000 0.000000 
-0.700000 0.501000 0.000000 
-0.650000 0.501000 0.000000 
-0.600000 0.501000 0.000000 
-0.550000 0.501000 0.000000 
-0.500000 0.501000 0.000000 
-0.450000 0.501000 0.000000 
-0.400000 0.501000 0.000000 
-0.350000 0.501000 0.000000 
-0.300000 0.501000 0.000000 
-0.250000 0.501000 0.000000 
-0.200000 0.501000 0.000000 
-0.150000 0.501000 0.000000 
-0.100000 0.501000 0.000000 
-0.050000 0.501000 0.000000 
0.000000 0.501000 0.000000 
0.050000 0.501000 0.000000 
0.100000 0.501000 0.000000 
0.150000 0.501000 0.000000 
0.200000 0.501000 0.000000 
0.250000 0.501000 0.000000 
0.300000 0.501000 0.000000 
0.350000 0.501000 0.000000 
0.400000 0.501000 0.000000 
0.450000 0.501000 0.000000 
0.500000 0.501000 0.000000 
0.550000 0.501000 0.000000 
0.600000 0.501000 0.000000 
0.650000 0.501000 0.000000 
0.700000 0.501000 0.000000 
0.750000 0.501000 0.000000 
0.800000 0.501000 0.000000 
0.850000 0.501000 0.000000 
0.900000 0.501000 0.000000 
0.950000 0.501000 0.000000 
1.000000 0.501000 0.000000 
-1.000000 0.551000 0.000000 
-0.950000 0.551000 0.000000 
-0.900000 0.551000 0.000000 
-0.850000 0.551000 0.000000 
-0.800000 0.551000 0.000000 
-0.750000 0.551000 0.000000 
-0.700000 0.551000 0.000000 
-0.650000 0.551000 0.000000 
-0.600000 0.551000 0.000000 
-0.550000 0.551000 0.000000 
-0.500000 0.551000 0.000000 
-0.450000 0.551000 0.000000 
-0.400000 0.551000 0.000000 
-0.350000 0.551000 0.000000 
-0.300000 0.551000 0.000000 
-0.250000 0.551000 0.000000 
-0.200000 0.551000 0.000000 
-0.150000 0.551000 0.000000 
-0.100000 0.551000 0.000000 
-0.050000 0.551000 0.000000 
0.000000 0.551000 0.000000 
0.050000 0.551000 0.000000 
0.100000 0.551000 0.000000 
0.150000 0.551000 0.000000 
0.200000 0.551000 0.000000 
0.250000 0.551000 0.000000 
0.300000 0.551000 0.000000 
0.350000 0.551000 0.000000 
0.400000 0.551000 0.000000 
0.450000 0.551000 0.000000 
0.500000 0.551000 0.000000 
0.550000 0.551000 0.000000 
0.600000 0.551000 0.000000 
0.650000 0.551000 0.000000 
0.700000 0.551000 0.000000 
0.750000 0.551000 0.000000 
0.800000 0.551000 0.000000 
0.850000 0.551000 0.000000 
0.900000 0.551000 0.000000 
0.950000 0.551000 0.000000 
1.000000 0.551000 0.000000 
-1.000000 0.601000 0.000000 
-0.950000 0.601000 0.000000 
-0.900000 0.601000 0.000000 
-0.850000 0.601000 0.000000 
-0.800000 0.601000 0.000000 
-0.750000 0.601000 0.000000 
-0.700000 0.601000 0.000000 
-0.650000 0.601000 0.000000 
-0.600000 0.601000 0.000000 
-0.550000 0.601000 0.000000 
-0.500000 0.601000 0.000000 
-0.450000 0.601000 0.000000 
-0.400000 0.601000 0.000000 
-0.350000 0.601000 0.000000 
-0.300000 0.601000 0.000000 
-0.250000 0.601000 0.000000 
-0.200000 0.601000 0.000000 
-0.150000 0.601000 0.000000 
-0.100000 0.601000 0.000000 
-0.050000 0.601000 0.000000 
0.000000 0.601000 0.000000 
0.050000 0.601000 0.000000 
0.100000 0.601000 0.000000 
0.150000 0.601000 0.000000 
0.200000 0.601000 0.000000 
0.250000 0.601000 0.000000 
0.300000 0.601000 0.000000 
0.350000 0.601000 0.000000 
0.400000 0.601000 0.000000 
0.450000 0.601000 0.000000 
0.500000 0.601000 0.000000 
0.550000 0.601000 0.000000 
0.600000 0.601000 0.000000 
0.650000 0.601000 0.000000 
0.700000 0.601000 0.000000 
0.750000 0.601000 0.000000 
0.800000 0.601000 0.000000 
0.850000 0.601000 0.000000 
0.900000 0.601000 0.000000 
0.950000 0.601000 0.000000 
1.000000 0.601000 0.000000 
-1.000000 0.651000 0.000000 
-0.950000 0.651000 0.000000 
-0.900000 0.651000 0.000000 
-0.850000 0.651000 0.000000 
-0.800000 0.651000 0.000000 
-0.750000 0.651000 0.000000 
-0.700000 0.651000 0.000000 
-0.650000 0.651000 0.000000 
-0.600000 0.651000 0.000000 
-0.550000 0.651000 0.000000 
-0.500000 0.651000 0.000000 
-0.450000 0.651000 0.000000 
-0.400000 0.651000 0.000000 
-0.350000 0.651000 0.000000 
-0.300000 0.651000 0.000000 
-0.250000 0.651000 0.000000 
-0.200000 0.651000 0.000000 
-0.150000 0.651000 0.000000 
-0.100000 0.651000 0.000000 
-0.050000 0.651000 0.000000 
0.000000 0.651000 0.000000 
0.050000 0.651000 0.000000 
0.100000 0.651000 0.000000 
0.150000 0.651000 0.000000 
0.200000 0.651000 0.000000 
0.250000 0.651000 0.000000 
0.300000 0.651000 0.000000 
0.350000 0.651000 0.000000 
0.400000 0.651000 0.000000 
0.450000 0.651000 0.000000 
0.500000 0.651000 0.000000 
0.550000 0.651000 0.000000 
0.600000 0.651000 0.000000 
0.650000 0.651000 0.000000 
0.700000 0.651000 0.000000 
0.750000 0.651000 0.000000 
0.800000 0.651000 0.000000 
0.850000 0.651000 0.000000 
0.900000 0.651000 0.000000 
0.950000 0.651000 0.000000 
1.000000 0.651000 0.000000 
-1.000000 0.701000 0.000000 
-0.950000 0.701000 0.000000 
-0.900000 0.701000 0.000000 
-0.850000 0.701000 0.000000 
-0.800000 0.701000 0.000000 
-0.750000 0.701000 0.000000 
-0.700000 0.701000 0.000000 
-0.650000 0.701000 0.000000 
-0.600000 0.701000 0.000000 
-0.550000 0.701000 0.000000 
-0.500000 0.701000 0.000000 
-0.450000 0.701000 0.000000 
-0.400000 0.701000 0.000000 
-0.350000 0.701000 0.000000 
-0.300000 0.701000 0.000000 
-0.250000 0.701000 0.000000 
-0.200000 0.701000 0.000000 
-0.150000 0.701000 0.000000 
-0.100000 0.701000 0.000000 
-0.050000 0.701000 0.000000 
0.000000 0.701000 0.000000 
0.050000 0.701000 0.000000 
0.100000 0.701000 0.000000 
0.150000 0.701000 0.000000 
0.200000 0.701000 0.000000 
0.250000 0.701000 0.000000 
0.300000 0.701000 0.000000 
0.350000 0.701000 0.000000 
0.400000 0.701000 0.000000 
0.450000 0.701000 0.000000 
0.500000 0.701000 0.000000 
0.550000 0.701000 0.000000 
0.600000 0.701000 0.000000 
0.650000 0.701000 0.000000 
0.700000 0.701000 0.000000 
0.750000 0.701000 0.000000 
0.800000 0.701000 0.000000 
0.850000 0.701000 0.000000 
0.900000 0.701000 0.000000 
0.950000 0.701000 0.000000 
1.000000 0.701000 0.000000 
-1.000000 0.751000 0.000000 
-0.950000 0.751000 0.000000 
-0.900000 0.751000 0.000000 
-0.850000 0.751000 0.000000 
-0.800000 0.751000 0.000000 
-0.750000 0.751000 0.000000 
-0.700000 0.751000 0.000000 
-0.650000 0.751000 0.000000 
-0.600000 0.751000 0.000000 
-0.550000 0.751000 0.000000 
-0.500000 0.751000 0.000000 
-0.450000 0.751000 0.000000 
-0.400000 0.751000 0.000000 
-0.350000 0.751000 0.000000 
-0.300000 0.751000 0.000000 
-0.250000 0.751000 0.000000 
-0.200000 0.751000 0.000000 
-0.150000 0.751000 0.000000 
-0.100000 0.751000 0.000000 
-0.050000 0.751000 0.000000 
0.000000 0.751000 0.000000 
0.050000 0.751000 0.000000 
0.100000 0.751000 0.000000 
0.150000 0.751000 0.000000 
0.200000 0.751000 0.000000 
0.250000 0.751000 0.000000 
0.300000 0.751000 0.000000 
0.350000 0.751000 0.000000 
0.400000 0.751000 0.000000 
0.450000 0.751000 0.000000 
0.500000 0.751000 0.000000 
0.550000 0.751000 0.000000 
0.600000 0.751000 0.000000 
0.650000 0.751000 0.000000 
0.700000 0.751000 0.000000 
0.750000 0.751000 0.000000 
0.800000 0.751000 0.000000 
0.850000 0.751000 0.000000 
0.900000 0.751000 0.000000 
0.950000 0.751000 0.000000 
1.000000 0.751000 0.000000 
-1.000000 0.801000 0.000000 
-0.950000 0.801000 0.000000 
-0.900000 0.801000 0.000000 
-0.850000 0.801000 0.000000 
-0.800000 0.801000 0.000000 
-0.750000 0.801000 0.000000 
-0.700000 0.801000 0.000000 
-0.650000 0.801000 0.000000 
-0.600000 0.801000 0.000000 
-0.550000 0.801000 0.000000 
-0.500000 0.801000 0.000000 
-0.450000 0.801000 0.000000 
-0.400000 0.801000 0.000000 
-0.350000 0.801000 0.000000 
-0.300000 0.801000 0.000000 
-0.250000 0.801000 0.000000 
-0.200000 0.801000 0.000000 
-0.150000 0.801000 0.000000 
-0.100000 0.801000 0.000000 
-0.050000 0.801000 0.000000 
0.000000 0.801000 0.000000 
0.050000 0.801000 0.000000 
0.100000 0.801000 0.000000 
0.150000 0.801000 0.000000 
0.200000 0.801000 0.000000 
0.250000 0.801000 0.000000 
0.300000 0.801000 0.000000 
0.350000 0.801000 0.000000 
0.400000 0.801000 0.000000 
0.450000 0.801000 0.000000 
0.500000 0.801000 0.000000 
0.550000 0.801000 0.000000 
0.600000 0.801000 0.000000 
0.650000 0.801000 0.000000 
0.700000 0.801000 0.000000 
0.750000 0.801000 0.000000 
0.800000 0.801000 0.000000 
0.850000 0.801000 0.000000 
0.900000 0.801000 0.000000 
0.950000 0.801000 0.000000 
1.000000 0.801000 0.000000 
-1.000000 0.851000 0.000000 
-0.950000 0.851000 0.000000 
-0.900000 0.851000 0.000000 
-0.850000 0.851000 0.000000 
-0.800000 0.851000 0.000000 
-0.750000 0.851000 0.000000 
-0.700000 0.851000 0.000000 
-0.650000 0.851000 0.000000 
-0.600000 0.851000 0.000000 
-0.550000 0.851000 0.000000 
-0.500000 0.851000 0.000000 
-0.450000 0.851000 0.000000 
-0.400000 0.851000 0.000000 
-0.350000 0.851000 0.000000 
-0.300000 0.851000 0.000000 
-0.250000 0.851000 0.000000 
-0.200000 0.851000 0.000000 
-0.150000 0.851000 0.000000 
-0.100000 0.851000 0.000000 
-0.050000 0.851000 0.000000 
0.000000 0.851000 0.000000 
0.050000 0.851000 0.000000 
0.100000 0.851000 0.000000 
0.150000 0.851000 0.000000 
0.200000 0.851000 0.000000 
0.250000 0.851000 0.000000 
0.300000 0.851000 0.000000 
0.350000 0.851000 0.000000 
0.400000 0.851000 0.000000 
0.450000 0.851000 0.000000 
0.500000 0.851000 0.000000 
0.550000 0.851000 0.000000 
0.600000 0.851000 0.000000 
0.650000 0.851000 0.000000 
0.700000 0.851000 0.000000 
0.750000 0.851000 0.000000 
0.800000 0.851000 0.000000 
0.850000 0.851000 0.000000 
0.900000 0.851000 0.000000 
0.950000 0.851000 0.000000 
1.000000 0.851000 0.000000 
-1.000000 0.901000 0.000000 
-0.950000 0.901000 0.000000 
-0.900000 0.901000 0.000000 
-0.850000 0.901000 0.000000 
-0.800000 0.901000 0.000000 
-0.750000 0.901000 0.000000 
-0.700000 0.901000 0.000000 
-0.650000 0.901000 0.000000 
-0.600000 0.901000 0.000000 
-0.550000 0.901000 0.000000 
-0.500000 0.901000 0.000000 
-0.450000 0.901000 0.000000 
-0.400000 0.901000 0.000000 
-0.350000 0.901000 0.000000 
-0.300000 0.901000 0.000000 
-0.250000 0.901000 0.000000 
-0.200000 0.901000 0.000000 
-0.150000 0.901000 0.000000 
-0.100000 0.901000 0.000000 
-0.050000 0.901000 0.000000 
0.000000 0.901000 0.000000 
0.050000 0.901000 0.000000 
0.100000 0.901000 0.000000 
0.150000 0.901000 0.000000 
0.200000 0.901000 0.000000 
0.250000 0.901000 0.000000 
0.300000 0.901000 0.000000 
0.350000 0.901000 0.000000 
0.400000 0.901000 0.000000 
0.450000 0.901000 0.000000 
0.500000 0.901000 0.000000 
0.550000 0.901000 0.000000 
0.600000 0.901000 0.000000 
0.650000 0.901000 0.000000 
0.700000 0.901000 0.000000 
0.750000 0.901000 0.000000 
0.800000 0.901000 0.000000 
0.850000 0.901000 0.000000 
0.900000 0.901000 0.000000 
0.950000 0.901000 0.000000 
1.000000 0.901000 0.000000 
-1.000000 0.951000 0.000000 
-0.950000 0.951000 0.000000 
-0.900000 0.951000 0.000000 
-0.850000 0.951000 0.000000 
-0.800000 0.951000 0.000000 
-0.750000 0.951000 0.000000 
-0.700000 0.951000 0.000000 
-0.650000 0.951000 0.000000 
-0.600000 0.951000 0.000000 
-0.550000 0.951000 0.000000 
-0.500000 0.951000 0.000000 
-0.450000 0.951000 0.000000 
-0.400000 0.951000 0.000000 
-0.350000 0.951000 0.000000 
-0.300000 0.951000 0.000000 
-0.250000 0.951000 0.000000 
-0.200000 0.951000 0.000000 
-0.150000 0.951000 0.000000 
-0.100000 0.951000 0.000000 
-0.050000 0.951000 0.000000 
0.000000 0.951000 0.000000 
0.050000 0.951000 0.000000 
0.100000 0.951000 0.000000 
0.150000 0.951000 0.000000 
0.200000 0.951000 0.000000 
0.250000 0.951000 0.000000 
0.300000 0.951000 0.000000 
0.350000 0.951000 0.000000 
0.400000 0.951000 0.000000 
0.450000 0.951000 0.000000 
0.500000 0.951000 0.000000 
0.550000 0.951000 0.000000 
0.600000 0.951000 0.000000 
0.650000 0.951000 0.000000 
0.700000 0.951000 0.000000 
0.750000 0.951000 0.000000 
0.800000 0.951000 0.000000 
0.850000 0.951000 0.000000 
0.900000 0.951000 0.000000 
0.950000 0.951000 0.000000 
1.000000 0.951000 0.000000 
-1.000000 1.001000 0.000000 
-0.950000 1.001000 0.000000 
-0.900000 1.001000 0.000000 
-0.850000 1.001000 0.000000 
-0.800000 1.001000 0.000000 
-0.750000 1.001000 0.000000 
-0.700000 1.001000 0.000000 
-0.650000 1.001000 0.000000 
-0.600000 1.001000 0.000000 
-0.550000 1.001000 0.000000 
-0.500000 1.001000 0.000000 
-0.450000 1.001000 0.000000 
-0.400000 1.001000 0.000000 
-0.350000 1.001000 0.000000 
-0.300000 1.001000 0.000000 
-0.250000 1.001000 0.000000 
-0.200000 1.001000 0.000000 
-0.150000 1.001000 0.000000 
-0.100000 1.001000 0.000000 
-0.050000 1.001000 0.000000 
0.000000 1.001000 0.000000 
0.050000 1.001000 0.000000 
0.100000 1.001000 0.000000 
0.150000 1.001000 0.000000 
0.200000 1.001000 0.000000 
0.250000 1.001000 0.000000 
0.300000 1.001000 0.000000 
0.350000 1.001000 0.000000 
0.400000 1.001000 0.000000 
0.450000 1.001000 0.000000 
0.500000 1.001000 0.000000 
0.550000 1.001000 0.000000 
0.600000 1.001000 0.000000 
0.650000 1.001000 0.000000 
0.700000 1.001000 0.000000 
0.750000 1.001000 0.000000 
0.800000 1.001000 0.000000 
0.850000 1.001000 0.000000 
0.900000 1.001000 0.000000 
0.950000 1.001000 0.000000 
1.000000 1.001000 0.000000 
