6.504640102 147.7453918 105.5366592
59.96792603 210.9363403 103.2229538
100.3190994 218.8830109 99.8536911
137.9800415 219.2451324 96.56677246
179.4372711 199.4396362 90.52367401
202.793045 167.4797516 86.90747833
214.9458008 129.8062134 82.85401917
210.9730988 91.3063736 80.30228424
102.4343719 126.6215668 0.2681643069
110.7012329 159.6214294 6.842516422
122.2025223 192.4322205 26.08293533
132.0211182 212.0847473 58.15974426
140.52005 206.2250214 133.588028
140.1798553 181.3166046 164.1991577
129.644928 152.7057037 175.9137573
120.5766525 120.8308105 181.6737976
90.26815033 211.6933899 65.5425415
82.74767303 185.157959 26.47300911
74.68305969 162.6094666 15.56770611
72.41005707 128.8819733 10.68571377
57.33042908 121.9793015 15.16264725
50.28051376 203.2479858 75.6187973
45.13293457 184.6241302 50.24361038
45.97554016 134.4136047 24.90555
23.23487091 173.5877533 66.98625183
25.73562431 143.0923309 38.41614532
7.457203388 148.4197235 68.84509277
98.98086548 204.9079132 135.6098022
97.45552826 181.1285095 163.0198669
92.78752899 153.7671204 173.5683746
90.32263184 122.2854996 178.5795135
72.04611969 116.5852661 175.9896698
57.02801514 194.5267487 133.6817932
56.71245193 175.1673279 154.4944458
62.83856583 128.8895721 170.8117828
32.39762115 167.0205536 141.4222565
29.53761292 141.1764984 155.1703796
16.32412529 144.7231903 138.1885834
173.4739685 195.7048492 59.49465561
162.8447418 177.5481567 30.27050591
144.8349609 151.1891632 9.501345634
132.0970001 118.5042572 2.094436646
187.9880981 147.8353119 34.48591232
156.417099 111.642334 7.455305576
144.7326202 98.38549805 3.915538788
208.3535309 127.8723145 59.84860992
184.3396454 103.0929718 24.79963493
170.8764954 85.3291626 19.36045265
200.6428833 91.50604248 51.10176086
178.1130371 190.5694885 125.6528168
172.5579071 167.4265594 154.6978455
163.1795807 140.604538 170.1637726
148.0441437 108.4601822 177.8792419
192.605545 140.4302216 147.7389374
169.768219 100.4737778 167.1069641
160.8721161 84.41078186 169.7290344
213.3806152 123.8268585 112.5172272
191.3770905 93.23200226 146.4682922
175.8187103 73.9598465 156.3161621
205.2335052 90.37643433 117.634758