1.160000000000000000e+02 1.310000000000000000e+02 5.000000000000000000e+01
1.160000000000000000e+02 1.310000000000000000e+02 5.500000000000000000e+01
1.160000000000000000e+02 1.310000000000000000e+02 6.000000000000000000e+01
1.160000000000000000e+02 1.310000000000000000e+02 6.500000000000000000e+01
1.160000000000000000e+02 1.310000000000000000e+02 7.000000000000000000e+01
1.160000000000000000e+02 1.310000000000000000e+02 7.500000000000000000e+01
1.160000000000000000e+02 1.310000000000000000e+02 8.000000000000000000e+01
1.160000000000000000e+02 1.310000000000000000e+02 8.500000000000000000e+01
1.160000000000000000e+02 1.310000000000000000e+02 9.000000000000000000e+01
1.160000000000000000e+02 1.310000000000000000e+02 9.500000000000000000e+01
